9.614906907081604004e-01 4.407185614109039307e-01 9.080745577812194824e-01 4.335329234600067139e-01 9.080745577812194824e-01 4.538922011852264404e-01 9.614906907081604004e-01 4.622754454612731934e-01
9.180124402046203613e-01 4.562874138355255127e-01 8.919254541397094727e-01 4.538922011852264404e-01 8.919254541397094727e-01 4.706586897373199463e-01 9.180124402046203613e-01 4.718562960624694824e-01
7.378882169723510742e-01 2.431137710809707642e-01 7.068322896957397461e-01 2.431137710809707642e-01 7.055900692939758301e-01 2.646706700325012207e-01 7.366459369659423828e-01 2.646706700325012207e-01
7.055900692939758301e-01 2.419161647558212280e-01 6.757764220237731934e-01 2.383233606815338135e-01 6.757764220237731934e-01 2.622754573822021484e-01 7.055900692939758301e-01 2.658682763576507568e-01
6.782608628273010254e-01 2.383233606815338135e-01 6.161490678787231445e-01 2.371257543563842773e-01 6.136645674705505371e-01 2.598802447319030762e-01 6.757764220237731934e-01 2.610778510570526123e-01
6.919254660606384277e-01 2.179640680551528931e-01 6.422360539436340332e-01 2.131736576557159424e-01 6.434782743453979492e-01 2.359281480312347412e-01 6.931676864624023438e-01 2.407185584306716919e-01
9.739130139350891113e-01 4.934131801128387451e-01 9.453415870666503906e-01 4.898203611373901367e-01 9.428571462631225586e-01 5.113772749900817871e-01 9.726707935333251953e-01 5.137724280357360840e-01
7.242236137390136719e-01 1.988023966550827026e-01 6.534161567687988281e-01 1.952095776796340942e-01 6.484472155570983887e-01 2.131736576557159424e-01 7.192546725273132324e-01 2.167664617300033569e-01
9.614906907081604004e-01 4.598802328109741211e-01 9.155279397964477539e-01 4.562874138355255127e-01 9.155279397964477539e-01 4.718562960624694824e-01 9.614906907081604004e-01 4.766467213630676270e-01
9.652174115180969238e-01 4.766467213630676270e-01 8.931676745414733887e-01 4.718562960624694824e-01 8.906832337379455566e-01 4.862275421619415283e-01 9.614906907081604004e-01 4.898203611373901367e-01
9.490683078765869141e-01 4.946107864379882812e-01 8.807453513145446777e-01 4.862275421619415283e-01 8.795031309127807617e-01 5.017964243888854980e-01 9.478260874748229980e-01 5.113772749900817871e-01
9.105589985847473145e-01 4.359281361103057861e-01 8.931676745414733887e-01 4.359281361103057861e-01 8.931676745414733887e-01 4.538922011852264404e-01 9.105589985847473145e-01 4.538922011852264404e-01
4.397515654563903809e-01 4.023952186107635498e-01 4.198757708072662354e-01 4.000000059604644775e-01 4.198757708072662354e-01 4.155688583850860596e-01 4.397515654563903809e-01 4.167664647102355957e-01
